[CameraIntrinsicMatrix]
======================================================================================
2019.918599999999969440978020429611 0.000000000000000000000000000000 966.024700000000052568793762475252
0.000000000000000000000000000000 2015.861000000000103682396002113819 538.629900000000020554580260068178
0.000000000000000000000000000000 0.000000000000000000000000000000 1.000000000000000000000000000000
======================================================================================

[DistortionCoefficient]
======================================================================================
-0.449579000000000006398437335520 0.185104999999999991766586049380 0.000366000000000000005884182031 -0.000989999999999999994587662755 -0.077037999999999995370814076523
======================================================================================
