[CameraIntrinsicMatrix]
======================================================================================
2016.0783856083, 0.0000000000, 964.9635413668
0.0000000000, 2021.7631076112, 533.2433502469
0.0000000000, 0.0000000000, 1.0000000000
======================================================================================

[DistortionCoefficient]
======================================================================================
-0.4447222421, 0.1947754000, 0.0020757023, -0.0004335970, -0.0982187746
======================================================================================
